0 253
0 285
0 850
0 894
0 1063
0 1222
0 1436
0 1437
0 1638
0 1639
0 2012
1 393
1 1523
1 1733
2 3
2 1357
2 1366
3 1874
4 488
4 712
4 734
4 982
4 1785
4 1862
5 56
5 635
5 650
5 652
5 1227
5 1368
6 354
6 754
6 756
6 1960
7 986
7 1746
7 1821
8 1320
9 726
10 412
10 990
10 1242
11 942
12 1231
13 207
13 521
13 617
13 1273
13 1362
13 1734
13 1930
14 106
14 175
14 247
14 1259
14 1910
14 1998
15 246
16 60
16 176
16 1392
16 1425
17 862
17 1289
17 2087
17 2090
18 1769
19 1806
19 1809
20 1658
21 121
21 135
21 376
22 368
22 1739
23 843
23 844
23 1166
23 1596
24 401
24 486
24 593
24 1168
24 1701
24 2044
25 862
25 940
26 81
26 741
27 858
27 1991
28 35
28 517
28 1122
28 1226
29 826
29 1579
30 132
30 244
30 683
30 964
30 1154
30 1233
30 1404
31 305
32 87
32 88
32 517
32 1226
33 1880
34 85
34 519
34 1634
34 1716
34 1833
35 1122
35 1226
36 187
36 1511
36 1631
36 2040
36 2086
37 777
37 1276
37 1277
37 1747
37 1760
37 1761
37 1801
37 1838
38 459
38 497
38 935
38 959
38 1630
38 1653
38 1862
39 169
39 761
39 1118
39 1154
39 1226
39 1417
40 451
40 895
40 1332
41 236
41 390
41 1744
42 1057
42 1353
42 1627
43 389
43 2003
44 1445
45 149
45 1280
45 1684
46 2038
47 571
48 1140
48 1141
48 1806
49 862
50 390
51 367
52 95
52 1117
52 2017
53 1027
53 1256
53 1392
53 1722
54 354
54 1862
55 1309
55 1971
55 2051
56 635
56 650
56 652
56 1335
56 1368
57 158
57 1750
58 1628
59 1038
60 1392
61 163
62 1225
62 1423
63 301
63 685
63 753
63 862
63 976
63 999
63 1254
63 1400
63 1454
63 1873
64 676
64 967
64 1001
64 1738
65 699
65 1462
66 329
66 864
66 881
66 1428
66 1993
66 2007
67 645
67 786
67 1745
68 645
69 336
69 1280
70 1480
71 186
71 664
71 806
71 988
71 1379
71 1426
71 1860
72 220
72 598
72 1152
73 865
74 110
74 1872
75 354
75 386
76 299
76 546
76 921
76 1246
76 1315
76 1996
77 1016
77 1823
78 354
78 885
79 1333
79 1368
79 1808
80 139
80 151
80 266
80 268
80 393
80 619
80 862
80 904
80 1079
80 1319
80 1481
80 1554
80 2068
80 2084
82 1533
82 1655
82 1657
82 1692
82 1783
83 295
83 359
83 445
83 1001
83 1054
83 1182
83 1446
83 1817
83 1930
83 2065
84 86
84 667
85 445
85 626
85 668
85 845
85 967
85 1001
85 1202
85 1261
85 1352
85 1355
85 1523
85 1584
85 1634
85 1848
85 1953
86 237
86 318
86 447
86 1001
87 88
87 1088
88 275
88 643
88 1088
88 1089
89 1246
89 1397
89 1429
89 1430
89 1452
89 1746
90 328
90 371
90 1184
90 1361
90 1503
90 1725
91 274
91 280
91 688
91 1074
91 1191
91 1333
92 200
92 1756
93 967
94 593
95 1152
96 1313
97 282
97 644
97 670
97 754
97 756
97 1680
97 1736
97 1960
98 448
98 819
98 1081
98 1195
98 1452
98 1454
98 1716
98 1717
99 1328
100 840
100 841
101 1064
102 354
102 885
103 488
103 597
103 885
104 235
104 1045
104 1348
104 1687
105 132
105 244
105 672
105 683
105 1108
106 247
106 618
106 740
106 1390
106 1910
107 1795
108 1846
109 207
109 414
109 450
109 534
109 702
109 948
109 1322
109 1716
110 1871
110 1872
111 1348
112 1580
113 1027
113 2109
114 369
114 378
114 442
114 889
114 1017
114 1299
114 1303
114 1389
114 1750
114 1752
115 846
115 1605
116 1620
117 338
117 1201
118 898
118 1186
119 1026
119 1027
119 1350
120 1750
121 1068
121 1152
121 1262
121 1321
121 1978
122 152
122 758
122 1111
122 1532
122 1580
122 2034
122 2035
122 2100
122 2102
123 1218
123 1778
124 205
124 1402
125 1316
125 1419
125 1806
126 1976
127 1524
127 1570
128 1099
129 1152
129 1575
129 1920
130 179
130 585
131 205
131 440
131 480
131 803
131 1126
132 292
132 683
132 729
132 1404
132 1417
133 1750
134 721
134 1771
135 681
136 1164
136 1403
137 1697
138 507
138 1629
139 268
139 904
139 1554
140 1759
141 269
141 1918
141 1919
141 1977
142 1750
143 1591
144 718
144 804
144 805
144 817
144 862
144 937
144 938
144 1000
144 1018
144 1019
144 1021
144 1067
144 1252
144 1289
144 1553
144 2091
145 1283
146 660
147 1631
147 2040
148 405
148 699
149 1280
149 1684
150 219
151 181
151 452
151 619
151 862
151 904
151 1079
151 1454
151 1481
151 1554
151 2015
151 2083
151 2084
153 1880
154 300
154 392
154 1098
154 1099
154 1493
155 430
155 848
155 1054
155 1505
155 2063
156 169
156 389
156 400
156 964
156 1108
156 1154
156 1233
156 1404
156 1802
157 448
157 684
157 862
157 893
157 938
157 1160
157 1452
158 1260
158 1750
159 1304
159 1305
160 946
160 1223
161 1120
161 1250
162 286
162 815
162 1429
162 1607
162 1894
163 1580
164 786
165 1990
165 2062
166 826
166 1668
167 385
167 459
167 497
167 1630
168 1564
170 1082
170 1083
170 1084
171 1149
171 1733
171 1788
171 1790
172 1502
173 1171
173 1619
174 926
174 930
174 1770
175 247
175 618
175 740
175 1390
175 1910
175 1998
176 233
176 503
176 551
176 1187
176 1348
177 1811
178 388
178 516
178 602
178 1829
178 2072
179 1572
180 1901
180 2099
181 266
181 441
181 655
181 1289
181 1481
181 1554
181 2083
181 2084
181 2085
182 723
183 219
183 1370
184 853
185 1781
186 601
186 620
186 664
186 759
186 804
186 805
186 831
186 988
186 1054
186 1067
187 1152
187 1468
187 2098
188 1311
188 1388
188 1569
189 467
189 1981
190 1413
191 1239
192 203
192 1313
192 1536
193 1640
194 1038
195 786
196 623
196 1498
197 1413
198 1526
198 1686
198 1910
199 979
199 1202
200 376
200 1582
201 1801
201 1976
202 707
202 842
202 1978
203 1313
204 1054
204 1110
204 1523
206 1600
206 1759
207 261
207 519
207 622
207 986
207 987
207 1322
207 1716
207 1833
208 610
208 982
209 670
209 682
209 995
209 1243
209 1469
210 1083
211 354
211 410
211 478
211 902
211 903
211 905
211 907
211 1198
211 1680
211 1999
212 1750
213 495
213 1780
213 1904
214 862
214 1386
215 618
215 1348
216 1544
216 2062
217 644
217 1479
218 819
218 862
218 1295
218 1452
218 1453
218 1454
220 595
220 614
220 987
220 988
220 1132
220 1222
220 1304
220 1604
220 1663
220 2093
221 848
222 395
222 2090
223 307
223 787
223 1046
224 1252
225 388
225 394
225 444
225 602
225 1634
225 1635
225 1831
225 1832
225 1894
225 1939
226 402
226 460
227 641
227 1954
228 1143
228 1145
228 1648
229 2063
230 383
230 920
231 1007
231 1149
231 1790
232 885
233 1425
233 1661
234 1446
234 1932
236 430
236 913
236 942
236 981
236 1815
236 1965
236 1979
237 318
237 667
237 1001
238 2094
238 2099
239 1210
239 1818
240 953
240 1591
240 1666
241 640
241 832
241 833
241 862
241 938
241 948
241 950
242 1193
242 1196
242 1443
242 1453
243 915
243 1288
244 292
244 683
244 729
244 1404
244 1417
245 622
245 629
245 663
245 2104
245 2105
246 1644
246 1645
247 740
247 1390
247 1998
248 645
248 796
249 1594
249 1595
249 1747
250 862
250 1454
251 689
251 1826
251 1827
252 282
253 1494
253 1956
253 2007
254 1423
255 1104
255 1771
256 1155
256 1156
257 828
257 838
257 2048
258 795
259 1139
260 606
261 614
261 817
261 862
262 379
262 1499
262 1844
263 331
263 333
263 340
263 353
264 955
264 1748
265 1177
265 1473
266 441
266 448
266 619
266 904
266 1079
266 1454
266 1481
266 1554
266 2083
266 2084
267 703
267 746
268 452
268 619
268 655
268 862
268 904
268 945
268 1079
268 1160
268 1454
268 1481
268 1554
268 2083
268 2084
270 509
270 871
271 1125
271 1694
272 601
272 620
272 759
272 831
272 1049
273 433
273 853
273 854
273 1731
273 2014
274 1074
274 1191
275 1118
276 1358
277 337
277 1327
278 984
278 1564
278 1988
279 1227
279 1333
279 2038
281 732
281 1751
283 1221
284 1081
284 2091
286 630
286 1225
287 1917
288 852
289 1563
289 2036
290 318
290 1001
291 740
293 1187
293 1405
294 888
295 743
295 1635
295 1781
295 2064
295 2067
296 1541
297 300
297 392
297 1098
297 1099
297 1493
298 611
298 969
299 1371
300 1493
302 850
302 1678
303 1296
304 332
304 763
304 987
304 2011
305 1543
305 1733
305 1790
306 1447
306 1448
307 1286
307 1822
307 1840
307 1843
308 1320
309 977
310 432
311 700
311 722
311 927
311 1220
311 1541
311 1793
312 1409
313 786
314 1348
314 1687
314 1689
314 1803
315 354
316 598
316 668
316 1001
316 1128
316 2090
317 702
317 1144
317 1400
317 1401
318 667
319 1649
320 1290
320 1291
320 1292
320 1781
320 1968
321 438
321 837
321 1794
322 436
323 1706
324 1131
324 1279
324 1846
325 697
326 557
326 1293
327 546
327 549
327 1040
327 1246
327 1501
328 1237
329 668
329 1001
330 782
331 1236
332 450
332 873
333 1236
334 2053
335 1178
336 1280
337 919
337 1480
337 1966
338 732
339 1484
339 1888
340 1236
340 1437
341 719
341 827
341 1278
341 1483
341 1484
342 993
342 1661
343 707
343 1604
343 1894
343 2073
344 668
344 782
344 783
344 1001
345 707
345 1604
345 1894
346 1348
346 1675
346 1687
347 742
347 896
348 1003
349 1025
349 1750
350 782
350 992
350 1082
350 1373
350 1868
351 1138
352 1038
352 1517
353 1236
354 362
354 678
354 885
354 941
354 1243
354 1572
354 1613
354 1630
354 1862
355 363
355 898
355 2088
356 896
356 1002
356 1041
357 1874
357 1992
358 1462
359 1446
359 1635
360 700
360 1220
360 1793
361 919
361 1240
361 1813
362 1572
362 1999
363 369
363 631
363 896
363 970
363 1706
363 2088
364 787
364 901
364 1177
364 1279
364 1306
365 1922
366 373
366 1362
367 1002
367 1042
367 1139
367 1706
368 1739
368 2025
369 537
369 896
369 898
369 1706
369 1896
370 862
370 980
370 1946
371 1943
372 993
374 1582
375 516
375 565
375 1829
376 968
376 1677
377 1508
377 2096
378 537
379 1499
379 1829
380 382
380 736
380 737
380 908
380 1272
380 1341
380 1917
381 452
381 619
381 707
381 1079
382 737
382 908
382 1272
382 1341
382 1917
383 516
383 1829
384 862
384 1253
387 1767
387 1904
388 602
388 655
388 1180
388 1195
389 1154
389 1625
390 942
390 1318
390 1445
390 1576
390 1891
391 949
391 2040
392 1493
393 619
393 655
393 862
393 904
393 1079
393 1454
393 1481
393 1554
394 655
394 862
394 987
394 1021
396 792
396 803
397 1113
398 862
398 1454
399 862
399 1454
400 654
400 1345
401 1185
401 1216
401 2044
402 1549
402 1615
403 640
403 655
403 1052
403 1144
404 1251
404 1574
404 1768
404 2056
405 699
406 1637
407 1279
407 1843
408 1497
409 654
410 902
410 908
410 1171
411 1114
412 454
413 1605
414 622
414 1322
415 802
415 2007
416 1791
417 1380
417 1517
418 1369
419 1497
420 655
420 817
420 862
420 938
420 989
420 1271
420 1342
420 1665
421 1271
422 658
423 649
423 694
423 791
423 1037
423 1077
423 1749
424 660
424 1181
425 585
425 778
425 1213
425 1310
425 1604
425 1911
426 1608
426 2019
427 882
428 1129
428 1703
429 1055
429 1690
430 1054
430 1727
431 1694
431 1967
432 1138
432 1562
433 855
433 1063
433 1731
434 888
434 1058
435 1457
435 1626
436 455
436 1406
436 1725
437 1891
439 1634
439 1797
441 862
441 1720
441 2068
441 2083
442 537
443 535
443 542
443 547
444 1225
444 1543
444 1831
444 1832
444 1859
445 447
445 1352
445 1355
445 1396
445 1635
446 1819
446 1820
447 606
447 668
447 937
447 1001
447 1182
447 1195
447 1355
447 1634
447 1699
447 1817
448 685
448 862
448 1194
448 1433
448 1453
448 1485
448 1741
448 2068
449 1750
450 622
450 862
450 1092
451 456
451 966
451 1263
451 1742
452 904
452 1132
452 1223
452 1385
452 1440
452 1452
452 1481
452 2004
452 2084
452 2085
453 1172
454 707
454 1161
455 1406
455 1847
455 2053
456 925
456 1263
456 1332
456 1626
456 2023
457 1750
457 2033
458 724
458 891
458 1276
458 1801
458 1905
459 956
459 959
459 1653
460 770
460 1050
461 1750
462 1431
462 1445
463 539
463 1053
463 1265
463 1995
464 1105
464 1654
464 1687
465 863
465 1021
466 1154
466 1877
468 887
468 1390
468 1750
469 1269
470 604
471 1586
471 1587
471 1588
472 601
472 831
472 904
472 950
472 1765
473 590
474 1574
475 860
475 2047
476 1023
476 1711
476 1770
477 1718
478 903
479 1549
479 1856
481 1356
481 1870
482 896
483 1264
483 1332
484 862
484 1215
485 853
485 854
485 1731
485 2014
486 579
486 856
486 857
486 858
486 1221
486 1378
486 1750
486 1963
486 1969
487 551
487 618
487 1390
488 1324
489 798
489 1407
489 1694
490 701
490 818
491 941
491 956
491 957
492 2003
493 1652
493 1950
494 1360
494 1991
495 1442
496 1056
496 1137
497 956
497 959
497 1653
498 1044
499 927
500 1038
500 1388
501 790
501 1345
502 1952
503 623
503 1425
504 1388
505 1519
505 1520
505 1521
506 862
506 938
506 2030
507 658
507 869
507 870
507 953
507 1814
508 1330
508 1331
508 1789
509 751
509 871
509 1958
510 1378
510 1787
511 1880
511 1881
512 1406
513 655
513 1427
514 1242
514 1285
514 1495
515 1694
515 1904
516 845
516 920
516 1322
516 1499
516 1523
516 1977
516 2096
518 862
518 1424
519 979
519 1210
519 1584
519 1716
519 1818
519 1833
520 1816
521 826
521 851
522 1295
523 862
524 688
524 1074
524 1075
524 1191
524 1333
524 1337
524 1338
524 1339
525 688
526 1937
527 1466
528 1452
529 1229
529 1424
530 1155
531 1311
531 2062
532 1574
533 832
533 974
534 622
534 1354
535 662
535 691
536 1303
537 889
537 1017
537 1299
537 1303
538 862
538 1424
539 1053
539 1265
540 1171
541 892
541 1372
542 662
542 691
543 656
543 862
543 900
544 1020
544 1171
545 817
545 862
545 1193
546 1040
546 1246
546 1531
547 662
547 691
548 2055
550 1271
551 1043
551 1348
551 1425
551 1462
552 857
552 1221
552 1294
552 1378
552 1660
552 1963
553 888
553 1311
553 1388
554 1706
554 1750
554 2055
555 1234
556 1234
556 1527
557 1293
558 979
558 1203
558 1210
558 1458
558 1716
559 817
559 862
559 938
559 1021
559 1144
559 1945
560 1492
560 2108
561 1798
562 767
562 1678
563 1954
564 1672
564 1969
564 2089
566 1457
567 583
567 1841
567 1905
567 1988
568 862
568 1424
569 1950
570 859
571 1437
572 684
572 817
572 832
572 937
572 1069
572 1400
572 1401
572 1454
572 1551
572 1763
573 1270
573 1471
574 654
575 817
575 862
575 938
575 1021
575 1144
575 1945
576 1080
576 1512
576 1577
576 2090
576 2091
577 827
577 1594
578 862
579 1378
580 751
581 953
582 1973
584 640
584 1474
585 1013
586 1549
587 1845
587 1915
588 1164
588 1195
589 698
589 879
589 1616
590 657
590 1624
590 1707
591 1990
592 817
592 862
592 938
592 1021
592 1144
592 1945
593 654
594 1092
595 614
595 832
595 1001
595 1136
595 1410
595 1635
595 1663
595 1859
596 801
597 885
598 637
598 704
598 776
598 909
598 910
598 911
598 987
598 1180
598 1428
598 1603
598 1604
598 1662
598 1735
599 1494
599 1688
600 1884
601 1048
601 1049
601 1183
601 1379
601 1860
602 668
602 1428
602 1523
602 1893
602 1894
602 1952
603 615
603 1782
604 1874
604 2009
605 1808
606 1635
607 1631
608 788
609 1173
609 1400
610 1834
611 768
611 969
612 1806
613 1026
613 1027
613 1283
613 1348
613 1350
613 1436
614 640
614 702
614 1001
614 1067
614 1635
614 1715
614 1859
615 1782
616 928
616 929
617 1340
618 1526
618 1910
619 999
619 1295
619 1452
619 2015
619 2068
619 2085
620 991
620 1001
620 1163
620 1211
620 1212
620 1379
620 1715
620 1860
620 1885
620 1886
621 2001
622 702
622 948
622 1322
622 1716
623 810
623 1498
623 1557
623 1558
624 735
624 797
624 1917
625 1156
625 1926
625 1954
626 1001
626 1202
626 1797
627 665
628 688
628 1074
628 1191
628 1333
628 1337
628 1338
628 1339
629 1658
630 815
630 1429
630 1607
631 898
631 899
631 1221
631 1706
631 1789
632 1311
633 1201
634 688
634 1333
636 1327
636 1891
637 704
638 915
638 918
638 1523
639 688
640 805
640 950
640 1001
640 1452
640 1867
641 1954
642 688
643 2045
645 693
645 786
645 1079
645 1325
645 1800
645 1879
645 2065
646 1155
646 1156
647 1141
647 1142
648 1470
648 1590
649 757
649 1414
649 1438
649 1749
650 652
650 1227
650 1368
651 1285
651 1917
652 688
652 1085
653 1523
654 1638
654 1639
655 717
655 755
655 805
655 950
655 989
655 1000
655 1019
655 1048
655 1067
655 1238
655 1310
655 1343
655 1410
655 1426
655 1440
655 1466
655 1552
655 1776
655 1945
655 1946
657 1624
658 869
658 870
658 1363
658 1629
659 1231
660 1001
660 1181
660 1182
660 1763
661 665
662 1008
662 1112
662 1257
662 1320
662 1523
662 1610
662 1848
663 2105
664 953
664 1379
664 2101
665 764
665 1031
665 1382
665 1383
666 920
666 939
666 2092
668 1052
668 1136
668 1568
668 1663
668 1668
669 1592
669 2109
670 1217
670 1244
671 1073
672 1108
673 1644
674 997
674 1357
675 965
675 1418
675 2039
677 835
679 1559
679 1960
680 898
683 1417
683 1703
684 817
684 937
684 938
684 1552
684 1670
684 1899
685 862
685 1453
685 1740
686 1320
687 766
688 1075
688 1192
688 1312
688 1333
688 1334
688 1335
688 1338
688 1339
688 1502
688 1702
688 1739
688 1935
688 2038
689 1232
690 915
690 1312
691 915
691 916
691 1288
692 915
692 916
692 1232
692 1288
692 1369
692 1769
694 1285
695 1750
696 1806
696 1809
697 1122
697 1226
701 1258
702 1069
702 1196
702 1454
704 705
704 706
704 1978
705 706
707 741
707 2073
708 711
709 711
709 1348
709 1390
709 1753
710 711
710 1348
710 1390
712 885
712 1324
713 715
713 1053
713 1573
714 1053
714 1573
715 1573
716 888
716 1300
717 862
718 862
718 1018
718 1252
719 1648
720 1699
721 928
721 1023
721 1407
721 1463
721 1711
722 1395
722 1726
723 977
723 1189
723 1691
723 1843
724 977
724 1539
724 1801
724 1905
725 1516
725 1528
725 1529
725 2108
726 1261
726 1623
727 1712
728 1137
730 2002
731 1428
732 1061
732 1062
732 1063
733 2036
734 982
734 1324
735 737
735 908
735 1272
735 1341
736 737
736 908
736 1272
736 1341
736 1917
737 797
737 908
737 1242
737 1272
737 1341
737 1917
738 908
738 1272
738 1341
738 1917
739 1293
739 1390
739 1997
740 1390
740 1705
740 1910
740 1997
742 1388
743 2067
744 2067
745 1556
745 1557
746 938
746 1252
746 1665
747 750
748 1492
749 750
749 1845
752 860
752 1581
754 756
754 765
754 839
754 1630
755 862
755 1253
756 765
756 839
757 1414
759 991
759 1001
759 1163
759 1211
759 1212
759 1379
759 1715
759 1860
759 1885
759 1886
760 1245
760 1565
760 1686
760 1823
762 1058
763 2011
764 1013
764 1806
764 2017
766 1862
767 1758
768 1799
769 2002
771 1610
772 1471
772 1807
773 775
773 776
774 1124
774 1838
777 823
779 1774
780 1938
781 947
781 1925
782 1082
783 992
784 1543
785 1432
786 795
786 1079
786 1385
786 1435
786 1800
787 1177
787 1306
787 1840
787 1841
788 1014
789 1010
790 1488
791 1308
791 1348
791 1751
791 2058
792 793
792 799
792 803
793 803
793 1176
794 1084
794 1908
795 1079
795 1385
796 1196
796 1197
796 1295
797 1066
797 1285
797 1307
797 2061
798 1605
799 803
799 896
800 801
800 802
800 803
802 803
802 902
803 808
803 809
803 1176
803 1778
804 805
804 817
804 862
804 938
804 1021
804 1553
804 1611
804 2051
804 2052
804 2090
805 862
805 1551
805 1553
805 1612
806 1860
807 808
807 809
807 978
808 809
808 1636
810 811
812 1128
813 814
813 899
813 1706
815 1225
815 1429
816 862
816 1598
817 818
817 852
817 938
817 989
817 1000
817 1018
817 1019
817 1021
817 1067
817 1069
817 1092
817 1095
817 1147
817 1410
817 1452
817 1456
817 1464
817 1551
817 1552
817 1627
817 1670
817 1898
817 1899
817 1924
818 938
818 1665
818 2090
819 1454
819 1455
820 1027
821 1027
822 1015
822 1016
822 1705
823 1276
823 1277
823 1747
823 1760
823 1761
823 1801
823 1838
824 2082
825 1010
825 1363
826 1854
826 1890
828 838
829 1699
829 1931
830 1226
830 1880
831 1048
831 1049
831 1379
831 1860
831 2101
832 833
832 948
832 950
832 1567
832 1568
833 948
833 950
833 1591
834 1066
834 1308
835 1513
835 1698
836 1410
837 1410
837 2087
838 1151
838 1993
839 941
839 949
839 1250
840 841
840 1201
840 1852
842 2040
843 1451
843 1718
843 1839
844 1166
844 1596
844 2021
845 1577
845 1829
846 1287
846 1908
847 1419
847 2012
849 1119
850 1263
850 1264
850 1427
850 1477
851 1344
852 862
852 863
852 938
853 1064
853 2014
854 855
854 1063
854 1731
855 1063
855 1731
856 857
857 1221
857 1963
858 931
858 1359
858 1360
859 1209
859 1415
860 996
860 1209
860 1221
860 1326
860 1581
860 1974
860 2047
861 1335
862 863
862 893
862 948
862 950
862 962
862 976
862 980
862 989
862 1000
862 1018
862 1019
862 1021
862 1052
862 1056
862 1067
862 1069
862 1092
862 1095
862 1147
862 1165
862 1195
862 1199
862 1252
862 1271
862 1295
862 1386
862 1400
862 1401
862 1410
862 1423
862 1440
862 1452
862 1453
862 1455
862 1456
862 1459
862 1464
862 1466
862 1475
862 1509
862 1545
862 1552
862 1611
862 1612
862 1665
862 1668
862 1670
862 1685
862 1842
862 1867
862 1873
862 1895
862 1898
862 1949
862 2085
863 1665
864 1246
864 1907
865 1982
866 1055
866 1750
866 1980
866 1982
867 1237
868 870
869 870
869 1494
869 1629
870 1367
870 1629
871 1958
871 2074
872 1701
873 2040
874 2001
875 876
875 877
875 880
875 1439
875 1910
876 877
876 879
876 880
876 1439
876 1882
877 1884
878 879
878 880
878 1311
879 880
879 1439
879 1566
879 1882
880 1439
880 2037
881 1650
882 1091
882 2020
883 1685
884 885
885 1862
886 1067
887 1750
888 889
888 1190
888 1300
888 2049
889 1311
890 1706
892 1271
892 1372
893 938
894 2010
896 898
896 970
896 1044
896 1837
896 2089
897 970
897 1678
897 1706
898 970
898 1706
898 2088
902 1171
902 1243
904 999
904 1160
904 1223
904 1319
904 1481
904 1647
904 2068
906 2007
907 1243
908 1157
908 1285
909 911
910 911
912 1591
913 1280
913 2037
914 1410
914 1863
915 916
915 1256
915 1288
915 1318
915 1523
916 1288
916 1505
917 1523
918 1288
919 1327
919 1800
919 1813
920 1441
920 1829
921 1371
922 1806
922 1940
923 924
923 1637
924 1637
925 1626
925 1742
926 927
928 929
928 1463
928 1770
928 1909
929 1909
930 1771
931 1055
932 1029
932 1684
933 1750
934 1750
935 2011
936 937
936 1067
936 1475
937 938
937 1551
938 948
938 950
938 1018
938 1019
938 1021
938 1067
938 1069
938 1095
938 1252
938 1400
938 1401
938 1423
938 1452
938 1459
938 1553
938 1578
938 1670
938 1812
938 1924
941 958
941 967
941 1170
941 1321
941 1351
941 1468
941 1613
941 1842
941 2098
942 1071
942 1727
942 1889
943 1201
944 1385
946 1223
947 1438
947 1546
947 1907
948 950
949 1113
949 1170
949 1250
949 1321
949 1486
949 1500
951 952
951 1575
951 2097
951 2099
952 2094
952 2097
953 1112
953 1545
953 1629
953 1666
953 1929
953 2041
954 1678
955 1065
955 1845
956 957
957 958
957 959
958 1468
960 1243
960 1469
961 962
962 963
962 1169
962 1469
962 1867
963 1612
964 2002
966 1263
967 1128
967 1530
967 1683
971 1053
971 1995
972 1690
973 974
973 975
974 1429
974 1893
974 1894
975 1894
976 2106
977 1801
977 1905
979 1716
980 1453
980 1946
982 1324
983 1195
983 1452
984 1784
985 1207
987 1132
987 1428
987 1821
987 1828
987 2093
988 1860
989 1164
989 1273
989 1716
990 1130
990 2054
994 1128
994 1531
996 1601
998 1580
999 1079
999 1160
999 1223
999 1319
999 1452
1001 1052
1001 1059
1001 1136
1001 1164
1001 1180
1001 1261
1001 1452
1001 1523
1001 1568
1001 1635
1001 1663
1001 1668
1002 1706
1003 1310
1003 1429
1003 1430
1003 1604
1003 1894
1004 1005
1005 1512
1006 1601
1006 1706
1007 1786
1007 1790
1008 1009
1008 1167
1008 1538
1010 1574
1010 2001
1011 1443
1012 1806
1013 1213
1013 1493
1014 1583
1014 1811
1018 1019
1018 1021
1018 1289
1018 1453
1018 1553
1018 2090
1018 2091
1019 1452
1021 1067
1021 1095
1021 1252
1021 1459
1021 1464
1021 1466
1021 1924
1021 1945
1022 1750
1023 1711
1023 1770
1024 1025
1026 1027
1026 2000
1027 1028
1027 1187
1027 1651
1027 1723
1027 1724
1027 2000
1027 2013
1027 2031
1027 2109
1030 1671
1032 2053
1033 1365
1034 1323
1035 1036
1035 1190
1035 1311
1036 1896
1036 2055
1037 1601
1037 2089
1038 1311
1038 1388
1038 1399
1038 1544
1038 1972
1038 2055
1038 2062
1039 1115
1039 1518
1040 1246
1041 1251
1044 1437
1045 1865
1046 1840
1046 1843
1047 1691
1048 1049
1048 2090
1048 2101
1049 1057
1049 1394
1049 1578
1049 2090
1049 2101
1051 1320
1052 1059
1052 1553
1053 1265
1053 1995
1054 1110
1054 1174
1054 1523
1055 1490
1055 1743
1055 1750
1055 1980
1055 1981
1056 1136
1057 1379
1058 1750
1058 1751
1059 1180
1060 1437
1063 1806
1066 1307
1066 1751
1066 2061
1067 1454
1067 1551
1067 1553
1067 1611
1067 1671
1067 2051
1067 2052
1067 2090
1068 1978
1069 1095
1069 1410
1069 1812
1070 1375
1070 1891
1072 2007
1073 1550
1073 1947
1074 1191
1074 1333
1074 1338
1075 1191
1075 1333
1075 1808
1076 1437
1076 1687
1076 1750
1077 1750
1078 1289
1078 1456
1079 1289
1079 1295
1079 1452
1079 2015
1079 2068
1079 2084
1079 2085
1080 1081
1080 2091
1083 1084
1084 1908
1086 1087
1086 2090
1088 1089
1088 1118
1088 1241
1088 1756
1088 1941
1090 1568
1091 2053
1093 1126
1093 1207
1094 1605
1095 1238
1096 1750
1097 1750
1098 1099
1100 1159
1100 1859
1100 1863
1100 1864
1100 1894
1101 1750
1102 1535
1102 1837
1103 1535
1105 1106
1105 1678
1107 1644
1109 1110
1109 1523
1110 1523
1110 1790
1111 1536
1111 1795
1114 1279
1115 1483
1116 1178
1119 1379
1120 1384
1121 1122
1121 1411
1123 1277
1123 1497
1126 1281
1126 1681
1127 1410
1127 1604
1128 1738
1130 1656
1131 1409
1131 1846
1133 1639
1134 1340
1135 1329
1137 1376
1137 1377
1137 1755
1138 1286
1139 1654
1139 1750
1140 1370
1141 1142
1143 1145
1143 1648
1144 1194
1144 1195
1144 1238
1144 1452
1145 2062
1146 1194
1146 1196
1146 1197
1146 1289
1146 1355
1146 1453
1148 1422
1148 1423
1150 1468
1150 2098
1151 1351
1151 1468
1151 1547
1151 1613
1152 1511
1152 1631
1152 2040
1152 2086
1153 1377
1154 1233
1155 1156
1155 1798
1155 1871
1155 1954
1156 1853
1157 1218
1158 1341
1158 2007
1159 1230
1159 1410
1159 1699
1159 1757
1159 2078
1160 1161
1160 1720
1160 2085
1162 1795
1163 1885
1163 1886
1164 1403
1164 1717
1165 1869
1168 1574
1170 1548
1171 1617
1171 1619
1172 1672
1172 2026
1173 1379
1173 1401
1175 1462
1177 1905
1178 1614
1178 2049
1179 1762
1180 1609
1180 1610
1180 1668
1181 1182
1182 1183
1182 1355
1182 1635
1184 1503
1184 2020
1186 1219
1187 1255
1187 1283
1187 1425
1187 1803
1188 1445
1190 1388
1191 1333
1191 1334
1191 1337
1191 1338
1191 1339
1192 1333
1193 1289
1193 1452
1193 1453
1194 1195
1194 1196
1194 1289
1194 1452
1194 1453
1194 1740
1195 1434
1195 1717
1196 1289
1196 1452
1196 1453
1197 1289
1197 1453
1197 1454
1199 1815
1200 1201
1204 1564
1204 1922
1204 2032
1205 1597
1205 1697
1206 1634
1206 1635
1206 1699
1206 1817
1208 1271
1209 1574
1209 1648
1210 1584
1210 1716
1210 1818
1211 1212
1213 1572
1214 1497
1216 1283
1216 1750
1218 1778
1218 1779
1220 1726
1220 1770
1224 1322
1225 1429
1225 1832
1225 1939
1227 1333
1227 2038
1228 1674
1229 1347
1230 1921
1231 1531
1231 2007
1234 1235
1235 1605
1239 1240
1242 1495
1242 2054
1245 1772
1246 1285
1246 1428
1246 1531
1247 1249
1247 1750
1248 1249
1248 1750
1249 1750
1249 1910
1250 1262
1250 1486
1250 1630
1252 1271
1253 1254
1255 1405
1256 1724
1259 1390
1260 1749
1260 1753
1262 1511
1263 2076
1266 1714
1266 1766
1267 1659
1267 1766
1268 1375
1269 1752
1270 1471
1271 1342
1271 1464
1271 1612
1271 1867
1272 1916
1273 1716
1273 1833
1274 1275
1275 1904
1276 1277
1276 1950
1277 1691
1277 1950
1278 1279
1278 1483
1280 2043
1282 1284
1282 1350
1282 2000
1283 2013
1283 2031
1283 2032
1284 2013
1285 1912
1285 1925
1286 1692
1287 1938
1289 1310
1289 1400
1289 1440
1289 1481
1289 1554
1289 1856
1289 1973
1289 2083
1289 2084
1289 2085
1293 1390
1293 1910
1295 1453
1295 1454
1295 1455
1295 1928
1295 2090
1296 1297
1297 1711
1298 1299
1298 1301
1298 1311
1299 1301
1299 1302
1300 2058
1301 1302
1301 1303
1302 1303
1304 1305
1306 1574
1307 1308
1307 2061
1309 1971
1311 1569
1311 2055
1311 2056
1311 2069
1311 2080
1311 2089
1311 2108
1313 1314
1314 1329
1314 1621
1316 1806
1317 1370
1318 1696
1318 2076
1319 2015
1320 1555
1320 1695
1321 1978
1322 1829
1323 1810
1323 2021
1324 1785
1324 1862
1327 1461
1327 1480
1327 1491
1327 1966
1328 1329
1333 1334
1333 1337
1333 1338
1333 1339
1333 1808
1334 1808
1335 1368
1336 1808
1337 1338
1337 1339
1338 1339
1342 1343
1342 1665
1343 1665
1344 1536
1344 1537
1345 1348
1345 1488
1346 2062
1348 1390
1348 1392
1348 1425
1348 1673
1348 1674
1348 1687
1348 1735
1348 1803
1348 1866
1348 1934
1348 2079
1349 1694
1350 2109
1351 1842
1352 1353
1352 1396
1355 1523
1355 1633
1355 1930
1355 2065
1355 2066
1356 1870
1357 1366
1358 2091
1360 2016
1362 1600
1363 1437
1363 1948
1363 2062
1364 1365
1364 1777
1365 1884
1365 2053
1366 1992
1370 1418
1370 1419
1370 1804
1370 1805
1370 1809
1370 2039
1374 1979
1376 1755
1377 1755
1378 1787
1378 1963
1379 2101
1380 1381
1381 1392
1381 1972
1385 1554
1387 1677
1388 1389
1388 1492
1388 1569
1388 1830
1388 2055
1388 2056
1388 2062
1388 2089
1388 2108
1389 1824
1389 2062
1390 1413
1390 1504
1390 1526
1390 1728
1390 1729
1390 1762
1390 1830
1390 1897
1390 1910
1390 1997
1391 1830
1392 1721
1392 1775
1393 1480
1397 1428
1397 1509
1397 1510
1397 1603
1397 1952
1398 1399
1400 1453
1400 1454
1400 1456
1400 1599
1400 1668
1401 1454
1403 1640
1407 1408
1407 2008
1408 2008
1409 1846
1409 1959
1410 1475
1410 1590
1410 1668
1410 1732
1410 1894
1412 1435
1415 1521
1416 1417
1417 1877
1418 1419
1418 1804
1418 1805
1418 1806
1419 1804
1419 1805
1420 1626
1421 1450
1421 1903
1422 1423
1423 1970
1423 2091
1427 2010
1427 2043
1428 1429
1428 1430
1428 1452
1428 1604
1428 1746
1428 1887
1428 1894
1429 1602
1429 1604
1429 1859
1429 1894
1430 1602
1430 1604
1430 1859
1430 1894
1431 1445
1432 1624
1433 1740
1436 1437
1437 1870
1437 1972
1437 2108
1440 1453
1442 1574
1442 1780
1443 1444
1445 1447
1446 1635
1446 1932
1449 1451
1450 1451
1451 1661
1452 1453
1452 1454
1452 1455
1452 1554
1452 1859
1452 1894
1453 1455
1453 1456
1453 1671
1453 1892
1454 1455
1454 1456
1454 1481
1454 1552
1454 1554
1454 1578
1454 1741
1454 1895
1454 2068
1454 2084
1454 2085
1456 1665
1457 1514
1460 1865
1460 1866
1462 1570
1462 1571
1462 1770
1464 1611
1464 1612
1464 1992
1465 1466
1465 1467
1465 1665
1466 1467
1466 1665
1468 1547
1468 1862
1468 2098
1472 1473
1472 2050
1475 2019
1476 1569
1476 1750
1476 1972
1477 1664
1478 1796
1480 1649
1480 1661
1480 1694
1481 1554
1481 2015
1481 2068
1481 2084
1481 2085
1482 1484
1482 1888
1487 1830
1489 1587
1490 1492
1492 1643
1494 1592
1494 1687
1494 1689
1494 1750
1496 1822
1496 1903
1498 1645
1499 1829
1499 2072
1500 1923
1503 2020
1506 1754
1507 1938
1508 2096
1509 1510
1509 1603
1509 2042
1510 1603
1511 2040
1514 1626
1515 1516
1515 1529
1515 1750
1515 2108
1516 1529
1516 1750
1516 1984
1517 1896
1517 2055
1519 1520
1519 1522
1520 1521
1521 1522
1523 1635
1523 1790
1523 1829
1523 1894
1524 1525
1524 1770
1525 1570
1526 1686
1528 1529
1529 2012
1530 1531
1530 1650
1533 1657
1534 1750
1534 2108
1539 1835
1539 1904
1540 1903
1540 1904
1541 1542
1542 1771
1543 1733
1543 1757
1543 1790
1543 1831
1543 1832
1544 2055
1547 1548
1547 1560
1547 2098
1550 1694
1551 1552
1551 1670
1551 1671
1551 1898
1551 1899
1552 1553
1552 1611
1552 1670
1552 1671
1553 1670
1553 1671
1553 1898
1553 1899
1554 2015
1554 2068
1554 2083
1554 2084
1554 2085
1557 1558
1559 1560
1561 1697
1563 1565
1563 1705
1563 2036
1564 1565
1564 1566
1564 1784
1565 2036
1566 2036
1567 1568
1567 1855
1568 1855
1569 2055
1569 2062
1570 1571
1570 2081
1571 2079
1571 2081
1573 1974
1574 1679
1574 1767
1574 1819
1575 2094
1576 1637
1576 1667
1576 1668
1582 1583
1582 2095
1584 1634
1584 1716
1584 1833
1585 1586
1588 1750
1589 1750
1590 1816
1590 2087
1591 1666
1591 1671
1591 1712
1592 1927
1593 1597
1594 1747
1594 1748
1597 1696
1601 1706
1602 1603
1602 1952
1603 1894
1604 1662
1604 2073
1605 1938
1606 1852
1607 1609
1607 1894
1608 1609
1608 1894
1609 1610
1611 1670
1611 1867
1611 1899
1613 1842
1613 1999
1614 1750
1614 1774
1617 1619
1618 1619
1620 1747
1621 1622
1626 1719
1626 1742
1627 1665
1628 1978
1629 1814
1631 1632
1632 2015
1633 1634
1633 1635
1633 1817
1634 1848
1634 1859
1634 2093
1635 1699
1635 1817
1635 1930
1635 2065
1635 2093
1636 1775
1641 1750
1642 1687
1644 1906
1646 1647
1648 1750
1648 1824
1648 1972
1652 1700
1655 1657
1655 1783
1656 1782
1656 1875
1656 1876
1657 1692
1657 1783
1659 1766
1659 1903
1665 1669
1667 1668
1668 1894
1668 2090
1670 1671
1670 1899
1673 1675
1673 1687
1674 1675
1674 1687
1676 1677
1677 1703
1678 1706
1678 1878
1682 1683
1684 2076
1686 1910
1687 1689
1687 1750
1687 1751
1687 1803
1687 1849
1689 1750
1689 1751
1689 1803
1690 2088
1691 1767
1693 1694
1694 1737
1694 1861
1694 1962
1694 1964
1694 1994
1694 2064
1694 2067
1694 2075
1694 2107
1696 1697
1698 1869
1699 1817
1699 1930
1699 2065
1699 2078
1704 1942
1706 1837
1707 1950
1708 1709
1708 2036
1710 2044
1711 1770
1713 1750
1713 1900
1714 1947
1721 1724
1721 1858
1724 2031
1726 1793
1728 1730
1729 1730
1733 1790
1741 1867
1743 1750
1747 1748
1749 1751
1749 1753
1750 2033
1750 2056
1750 2059
1750 2060
1750 2081
1751 2056
1751 2059
1751 2060
1751 2061
1754 1755
1757 1859
1760 1838
1760 1950
1761 1838
1762 1897
1764 1765
1767 1905
1767 2082
1770 1771
1773 1830
1774 1791
1776 1777
1778 1779
1781 1795
1781 1904
1781 2003
1784 1988
1786 1790
1786 1795
1786 2077
1787 1789
1788 1790
1788 1894
1791 1792
1791 1793
1795 2077
1796 1798
1797 1832
1798 1871
1799 1800
1800 2065
1801 1875
1801 1876
1801 1905
1801 1988
1802 1877
1805 1806
1806 1940
1807 1963
1813 2065
1819 1820
1821 1828
1824 2062
1825 1827
1826 1827
1829 1977
1829 2072
1829 2096
1830 1975
1831 1859
1832 1859
1836 1904
1838 1839
1841 1843
1841 1986
1843 1905
1843 1985
1843 1986
1843 1988
1850 1851
1850 1852
1851 1852
1857 2055
1858 2109
1862 1999
1863 1937
1867 1933
1868 1908
1874 1992
1875 1876
1875 1904
1875 1905
1876 1904
1876 1905
1881 1958
1882 1883
1885 1886
1885 2090
1893 1894
1894 1952
1894 2078
1901 1902
1903 1904
1904 1905
1904 1942
1904 2107
1905 1988
1908 1938
1912 1961
1913 1914
1913 1938
1913 2050
1914 1915
1917 2054
1917 2061
1924 1945
1927 2109
1928 2090
1928 2091
1930 1931
1930 1957
1936 1967
1944 2107
1945 1946
1951 1981
1952 2078
1953 1954
1955 1977
1969 2044
1972 2055
1972 2062
1972 2080
1974 1975
1980 1981
1980 1982
1980 1983
1981 1982
1985 1986
1986 1988
1987 1988
1989 1990
1989 2062
1993 2048
2004 2005
2006 2107
2015 2084
2015 2085
2018 2062
2022 2023
2022 2024
2027 2028
2027 2029
2027 2030
2028 2030
2038 2046
2042 2043
2055 2056
2056 2062
2056 2071
2057 2058
2062 2080
2064 2066
2068 2084
2070 2071
2071 2079
2075 2107
2079 2081
2083 2084
2083 2085
2084 2085
2094 2097
2094 2099
2102 2103
2104 2105